20 350
8 4
12 3
18 15
9 2
13 15
9 18
3 17
16 17
3 16
7 19
11 19
15 13
4 18
4 7
15 4
12 4
13 20
4 10
10 11
14 8
13 1
16 9
14 19
18 17
11 9
19 13
10 17
16 2
15 10
7 9
9 7
12 20
11 14
17 20
10 15
20 11
15 6
10 6
19 15
10 20
2 20
8 7
16 4
2 5
11 2
20 6
7 11
5 15
1 4
2 4
3 2
20 14
11 17
8 20
5 3
17 12
3 13
17 14
12 18
2 9
12 15
1 16
9 12
1 3
7 2
8 13
3 12
19 14
4 6
16 7
16 10
17 11
20 8
18 14
20 12
18 9
11 12
17 4
8 3
14 10
6 15
8 6
7 4
17 10
17 13
4 1
3 1
17 19
17 18
16 18
19 18
4 12
20 18
14 4
3 9
12 7
11 15
18 8
12 2
12 6
12 19
10 4
9 15
9 11
8 15
12 8
8 17
15 18
1 5
16 11
2 11
19 20
5 18
10 8
18 12
6 2
2 1
5 1
5 10
3 8
20 16
10 7
19 17
9 5
20 7
15 16
20 2
5 9
18 13
8 1
8 10
15 12
5 6
3 7
19 16
2 7
20 5
8 5
9 3
14 12
4 2
3 19
1 17
10 2
8 18
6 14
6 17
14 17
4 9
2 3
7 3
1 19
9 6
4 5
2 15
11 4
6 7
19 1
16 13
7 13
2 12
18 16
14 15
18 1
19 12
6 16
13 14
17 16
1 2
15 7
14 6
15 17
9 16
7 5
18 10
16 14
4 3
7 8
10 19
9 19
6 12
12 17
8 16
10 5
5 7
19 5
3 11
20 13
14 16
14 1
3 5
16 8
14 20
13 10
11 7
16 15
13 7
4 14
7 18
14 18
17 1
18 2
7 20
1 9
3 15
1 13
6 9
13 4
6 18
12 9
11 16
20 19
4 15
17 15
20 15
6 4
3 6
15 5
13 18
1 7
2 6
1 18
19 7
15 9
16 6
13 12
1 12
16 20
18 5
13 19
15 8
10 14
13 3
20 17
16 12
15 14
4 8
9 13
5 13
14 11
5 17
7 1
19 4
6 8
13 9
12 1
16 19
19 8
7 17
12 11
18 19
8 12
18 20
9 20
16 5
11 13
8 9
20 9
7 16
11 18
13 16
1 15
6 5
10 12
19 10
6 1
4 20
8 11
4 11
10 9
15 3
9 10
13 17
5 8
13 6
2 8
11 8
1 8
9 1
15 19
8 19
11 20
6 20
17 7
1 14
8 2
7 10
18 4
20 4
18 7
12 5
5 2
15 20
17 3
15 11
20 10
19 3
16 1
17 5
2 13
19 11
7 6
5 12
8 14
7 15
3 14
13 11
20 3
14 5
17 8
6 10
3 20
6 3
4 13
2 10
18 3
9 4
15 2
3 18
10 18
15 1
12 14
14 9
17 9
13 8
18 6
10 13
9 14
11 6
11 10
5 4
11 1
19 2
7 12
11 5
12 10
5 16
12 16
4 17
2 18
6 11
6 19
19 9
17 6
4 16
16 3
18 11
12 13
14 7
6 13
