20 350
6 16
9 18
16 8
4 7
10 18
7 9
16 9
4 18
5 3
3 6
19 11
9 17
8 13
10 2
19 5
17 4
5 9
14 10
20 17
14 9
19 9
14 13
18 20
18 19
3 18
16 4
20 11
13 20
19 7
20 6
12 15
15 1
13 12
5 14
8 9
13 2
19 6
10 12
14 20
18 1
17 1
12 17
18 13
4 12
8 17
1 17
5 18
7 13
4 19
4 10
16 19
8 19
14 15
6 14
19 16
17 12
14 12
1 11
16 13
6 17
18 5
11 20
13 16
7 19
2 1
16 3
9 2
14 18
5 13
6 13
20 16
4 14
12 18
12 13
6 2
9 1
9 19
16 1
6 7
16 5
9 8
9 20
19 3
8 14
15 12
16 17
18 17
10 14
4 15
16 12
20 10
13 17
15 16
6 20
17 20
2 5
15 9
7 17
5 17
8 6
17 8
18 3
5 11
15 8
11 12
10 5
18 8
15 17
10 20
19 10
18 4
11 13
13 6
12 11
7 16
3 11
12 19
3 16
18 11
2 8
20 8
8 4
18 2
13 1
19 15
2 13
18 14
10 11
10 17
10 16
9 14
20 1
10 8
15 3
15 18
18 12
18 10
14 1
3 7
17 2
11 4
16 14
1 4
15 6
4 16
14 3
9 15
20 2
12 7
10 15
4 5
16 20
10 6
6 1
3 19
14 19
2 6
10 7
17 9
20 3
3 4
20 7
7 15
7 18
9 6
19 4
11 16
9 16
9 7
17 5
17 18
11 14
6 3
20 15
7 2
2 16
12 4
13 10
8 15
2 12
4 3
1 19
15 14
2 17
12 6
12 5
19 17
2 14
1 16
8 2
19 1
3 20
16 6
3 10
15 5
6 15
8 7
3 12
12 3
9 4
11 8
16 10
14 6
12 8
20 13
17 7
15 19
1 10
16 18
13 19
1 13
14 8
15 10
6 9
1 5
9 12
16 7
7 5
15 7
4 13
13 3
7 3
8 1
12 1
18 9
13 5
14 5
5 8
4 6
10 4
3 5
13 9
11 10
19 18
7 4
12 20
3 17
15 11
20 4
3 8
2 9
10 1
12 14
13 8
6 11
11 6
12 10
11 17
8 3
2 3
17 19
11 2
20 19
11 15
8 18
19 13
5 6
11 3
13 15
19 12
18 16
5 1
6 18
13 18
15 13
14 16
6 5
6 19
18 7
6 4
7 10
20 18
1 7
4 20
1 9
5 7
7 20
13 14
1 18
17 11
12 9
5 10
10 3
17 3
2 4
18 6
19 2
17 14
8 10
20 12
19 20
5 20
19 14
17 10
4 2
5 16
2 10
9 10
13 11
14 7
7 1
11 5
8 20
16 11
2 15
8 12
20 14
5 12
1 15
3 1
17 16
11 18
19 8
14 17
2 11
20 5
7 8
13 4
2 20
1 8
15 20
4 1
13 7
3 13
11 19
11 7
14 4
5 19
10 19
17 13
10 13
15 4
2 19
18 15
2 18
17 15
5 15
9 3
9 5
1 3
1 6
12 16
16 15
14 11
11 1
10 9
17 6
4 9
7 12
6 8
