20 350
20 4
8 4
15 20
12 7
3 9
16 6
16 11
6 16
14 9
5 18
10 14
4 14
4 16
14 12
20 5
2 10
12 2
9 18
20 13
17 8
4 7
5 12
9 15
11 15
6 18
2 6
5 1
16 8
14 16
9 3
17 13
15 5
13 5
10 13
9 19
13 6
14 15
4 19
17 1
12 19
13 1
17 16
11 1
14 5
15 16
14 6
9 1
4 11
4 2
14 19
8 9
2 14
5 13
8 2
1 3
2 7
13 20
15 2
18 16
6 2
8 5
7 3
15 3
20 17
1 19
3 1
6 3
18 19
18 1
8 15
5 10
20 7
5 20
12 5
11 14
9 12
11 10
1 9
17 11
7 4
15 8
18 2
19 20
19 8
14 7
15 4
13 18
16 3
4 5
20 8
5 2
11 17
10 17
10 16
5 6
9 5
19 11
7 2
20 16
9 14
9 13
7 17
18 4
19 2
2 4
14 8
17 15
20 3
14 10
5 15
11 5
11 12
9 17
10 12
4 9
16 18
14 17
20 10
13 9
18 8
3 4
13 19
9 4
13 15
6 7
1 20
1 11
18 12
13 17
19 5
5 11
20 12
8 10
12 1
6 17
11 4
11 8
7 10
20 15
3 7
2 8
9 10
18 20
14 13
3 15
8 6
16 13
8 12
15 14
4 1
9 16
8 16
10 7
2 19
2 11
16 1
1 6
19 15
17 3
19 6
11 19
9 20
16 5
18 13
2 1
2 20
3 6
13 8
7 20
20 19
1 2
10 6
20 6
15 10
6 11
12 6
20 14
15 12
18 14
3 17
12 14
6 5
7 18
7 14
17 12
12 13
15 17
14 20
11 6
19 12
8 14
17 5
3 8
2 17
19 18
16 15
5 7
6 13
7 16
9 6
11 18
17 14
3 20
18 3
3 16
12 10
5 16
1 4
8 17
1 10
3 12
1 12
3 18
16 7
16 9
13 16
19 10
11 9
14 1
12 20
9 11
5 9
1 5
1 8
7 8
1 13
19 4
6 1
15 19
1 14
6 4
6 9
12 4
16 4
2 9
12 8
7 12
3 5
8 18
6 19
6 8
2 13
15 13
13 10
8 13
17 7
14 3
16 17
19 7
10 8
6 10
4 15
19 1
12 16
16 2
20 18
12 9
19 13
17 19
19 3
2 12
17 4
10 19
11 20
18 17
9 8
17 2
20 9
2 18
14 18
18 6
10 3
15 11
5 4
7 9
10 15
13 12
7 6
3 2
15 6
14 11
10 5
10 20
17 10
15 9
4 18
3 19
6 20
1 7
7 19
8 19
18 11
2 16
14 4
12 11
8 20
4 6
10 9
9 7
3 11
7 5
18 9
16 12
11 7
5 19
10 11
17 20
11 13
2 3
12 15
17 9
15 7
13 14
7 11
4 13
18 10
2 5
7 15
4 3
20 2
5 14
16 19
19 14
7 13
8 7
4 17
16 14
8 3
16 20
4 20
1 17
3 14
13 4
19 17
12 17
10 2
18 15
18 7
5 17
17 6
15 18
11 3
19 16
5 8
11 16
20 11
13 3
15 1
17 18
16 10
