20 350
16 13
18 11
15 20
8 19
15 10
19 15
5 17
12 9
19 9
2 12
11 20
1 9
14 13
8 15
19 13
20 3
10 8
9 11
8 2
16 15
10 15
12 11
17 16
1 17
13 20
20 19
10 4
14 10
19 20
2 8
20 1
7 16
12 2
14 8
7 14
1 6
17 12
14 18
16 7
2 20
6 11
15 12
19 14
1 11
7 1
2 9
13 6
11 4
4 10
11 8
5 18
6 2
9 15
10 7
6 10
18 20
11 5
20 12
14 5
4 9
3 7
1 12
16 5
12 16
17 14
16 19
10 12
17 1
5 16
2 3
12 17
16 17
7 6
20 11
12 10
11 16
12 1
19 1
14 19
13 9
11 14
3 2
15 13
3 14
17 7
6 13
5 11
12 19
8 18
9 4
18 15
11 12
11 6
8 9
4 8
17 10
18 13
8 6
20 5
8 13
16 9
11 18
13 7
11 7
7 10
17 13
10 16
15 4
17 9
1 5
8 7
13 16
7 20
15 2
9 10
7 8
15 14
16 2
9 14
5 3
19 3
20 4
9 7
1 10
16 3
4 13
20 7
11 10
6 4
20 8
8 17
19 16
20 10
15 16
16 18
4 17
5 13
4 11
14 11
13 17
16 6
10 20
15 5
20 16
7 13
5 20
7 9
18 5
14 17
10 19
14 6
15 1
7 18
7 17
15 3
4 16
14 9
6 20
3 11
2 17
14 2
8 11
10 14
20 6
15 8
1 15
13 11
3 17
2 16
16 1
5 12
2 18
12 15
15 18
17 6
5 19
4 20
12 3
4 7
17 11
16 14
3 10
14 15
7 12
8 5
11 9
20 14
6 9
4 18
13 2
7 3
15 19
17 3
18 19
1 14
9 1
11 17
13 5
17 18
9 8
5 2
11 3
18 16
18 2
10 13
5 15
6 18
11 19
19 4
16 12
9 19
19 18
12 20
9 17
2 7
15 17
13 8
6 1
16 11
17 19
1 4
18 7
5 14
8 20
15 6
13 14
14 7
10 1
4 3
7 19
10 5
16 10
19 17
10 9
1 20
12 14
8 10
3 5
8 3
20 2
3 12
1 7
12 8
13 4
5 7
12 18
6 8
2 5
12 7
3 4
13 15
20 15
7 4
4 15
9 16
19 6
5 9
20 17
6 17
14 1
15 11
8 16
2 14
14 20
5 6
6 16
3 9
11 1
9 5
18 14
4 6
19 8
5 10
14 16
17 8
9 2
17 4
17 20
18 1
8 14
6 19
11 15
19 5
3 18
18 9
16 8
8 12
9 3
13 10
18 17
4 19
17 5
3 8
6 12
12 13
1 16
15 9
10 17
10 3
14 12
13 12
18 6
2 13
4 12
12 6
18 12
19 12
1 19
13 19
9 18
16 20
18 8
2 15
10 18
3 1
9 20
7 5
20 18
12 4
10 2
5 8
19 7
1 18
1 3
20 9
19 2
19 11
2 6
3 20
4 14
5 4
12 5
18 4
11 13
7 15
2 19
4 5
18 3
6 3
15 7
10 11
20 13
9 6
7 2
9 12
4 1
13 18
7 11
3 13
2 10
